[H[2JNombre BBDD	 ..: berlin52
Número de Ele	 ..: 52
[ 43 1 48 13 12 28 26 32 7 50 17 29 40 45 5 39 19 6 27 2 22 18 9 41 3 51 24 30 47 35 15 16 46 31 21 42 25 14 52 49 34 4 10 36 23 38 44 20 33 8 37 11 ]
Minima Suma total de distancia	..: 24947.9
[ 43 1 48 13 12 28 26 32 7 50 17 29 40 45 5 39 19 6 27 2 22 18 9 41 3 51 24 30 47 35 15 16 46 31 21 42 25 14 52 49 34 4 10 36 23 38 44 20 33 8 37 11 ]
Minima Suma total de distancia	..: 24947.9
[ 33 40 46 12 11 51 27 23 22 13 43 41 39 37 25 9 35 1 49 48 16 7 15 52 14 29 31 10 47 2 30 24 34 32 50 42 38 20 44 6 5 36 17 45 3 19 18 21 28 26 8 4 ]
Minima Suma total de distancia	..: 23973.7
[ 33 40 46 12 11 51 27 23 22 13 43 41 39 37 25 9 35 1 49 48 16 7 15 52 14 29 31 10 47 2 30 24 34 32 50 42 38 20 44 6 5 36 17 45 3 19 18 21 28 26 8 4 ]
Minima Suma total de distancia	..: 23973.7
[ 33 40 46 12 11 51 27 23 22 13 43 41 39 37 25 9 35 1 49 48 16 7 15 52 14 29 31 10 47 2 30 24 34 32 50 42 38 20 44 6 5 36 17 45 3 19 18 21 28 26 8 4 ]
Minima Suma total de distancia	..: 23973.7
[ 40 38 25 14 10 29 50 17 21 20 18 7 30 31 16 1 39 15 5 12 42 2 46 33 28 47 34 45 8 4 43 22 24 48 6 13 49 35 26 27 11 51 19 3 9 32 44 37 52 23 36 41 ]
Minima Suma total de distancia	..: 23001.1
[ 40 38 25 14 10 29 50 17 21 20 18 7 30 31 16 1 39 15 5 12 42 2 46 33 28 47 34 45 8 4 43 22 24 48 6 13 49 35 26 27 11 51 19 3 9 32 44 37 52 23 36 41 ]
Minima Suma total de distancia	..: 23001.1
[ 40 38 25 14 10 29 50 17 21 20 18 7 30 31 16 1 39 15 5 12 42 2 46 33 28 47 34 45 8 4 43 22 24 48 6 13 49 35 26 27 11 51 19 3 9 32 44 37 52 23 36 41 ]
Minima Suma total de distancia	..: 23001.1
[ 40 38 25 14 10 29 50 17 21 20 18 7 30 31 16 1 39 15 5 12 42 2 46 33 28 47 34 45 8 4 43 22 24 48 6 13 49 35 26 27 11 51 19 3 9 32 44 37 52 23 36 41 ]
Minima Suma total de distancia	..: 23001.1
[ 40 38 25 14 10 29 50 17 21 20 18 7 30 31 16 1 39 15 5 12 42 2 46 33 28 47 34 45 8 4 43 22 24 48 6 13 49 35 26 27 11 51 19 3 9 32 44 37 52 23 36 41 ]
Minima Suma total de distancia	..: 23001.1
