[H[2JNombre BBDD	 ..: berlin52
Número de Ele	 ..: 52
[ 8 40 50 22 46 3 24 36 35 5 45 11 47 1 39 9 32 51 6 26 13 52 4 12 17 49 37 34 16 44 38 21 2 19 10 43 18 27 20 41 29 30 23 31 15 25 7 42 14 48 28 33 ]
Minima Suma total de distancia	..: 24575.1
[ 8 40 50 22 46 3 24 36 35 5 45 11 47 1 39 9 32 51 6 26 13 52 4 12 17 49 37 34 16 44 38 21 2 19 10 43 18 27 20 41 29 30 23 31 15 25 7 42 14 48 28 33 ]
Minima Suma total de distancia	..: 24575.1
[ 8 40 50 22 46 3 24 36 35 5 45 11 47 1 39 9 32 51 6 26 13 52 4 12 17 49 37 34 16 44 38 21 2 19 10 43 18 27 20 41 29 30 23 31 15 25 7 42 14 48 28 33 ]
Minima Suma total de distancia	..: 24575.1
[ 47 13 43 44 34 48 19 4 26 12 52 31 15 16 3 36 6 24 22 49 14 27 46 28 5 29 17 33 51 20 25 40 37 32 23 41 45 35 18 7 2 21 10 50 1 39 38 11 9 8 30 42 ]
Minima Suma total de distancia	..: 23234.3
[ 47 13 43 44 34 48 19 4 26 12 52 31 15 16 3 36 6 24 22 49 14 27 46 28 5 29 17 33 51 20 25 40 37 32 23 41 45 35 18 7 2 21 10 50 1 39 38 11 9 8 30 42 ]
Minima Suma total de distancia	..: 23234.3
[ 47 13 43 44 34 48 19 4 26 12 52 31 15 16 3 36 6 24 22 49 14 27 46 28 5 29 17 33 51 20 25 40 37 32 23 41 45 35 18 7 2 21 10 50 1 39 38 11 9 8 30 42 ]
Minima Suma total de distancia	..: 23234.3
[ 47 13 43 44 34 48 19 4 26 12 52 31 15 16 3 36 6 24 22 49 14 27 46 28 5 29 17 33 51 20 25 40 37 32 23 41 45 35 18 7 2 21 10 50 1 39 38 11 9 8 30 42 ]
Minima Suma total de distancia	..: 23234.3
[ 47 13 43 44 34 48 19 4 26 12 52 31 15 16 3 36 6 24 22 49 14 27 46 28 5 29 17 33 51 20 25 40 37 32 23 41 45 35 18 7 2 21 10 50 1 39 38 11 9 8 30 42 ]
Minima Suma total de distancia	..: 23234.3
[ 47 13 43 44 34 48 19 4 26 12 52 31 15 16 3 36 6 24 22 49 14 27 46 28 5 29 17 33 51 20 25 40 37 32 23 41 45 35 18 7 2 21 10 50 1 39 38 11 9 8 30 42 ]
Minima Suma total de distancia	..: 23234.3
[ 47 13 43 44 34 48 19 4 26 12 52 31 15 16 3 36 6 24 22 49 14 27 46 28 5 29 17 33 51 20 25 40 37 32 23 41 45 35 18 7 2 21 10 50 1 39 38 11 9 8 30 42 ]
Minima Suma total de distancia	..: 23234.3
