[H[2JNombre BBDD	 ..: berlin52
Número de Ele	 ..: 52
[ 47 3 49 36 40 9 19 8 13 30 38 27 52 23 1 21 24 32 45 26 15 43 31 7 18 39 11 51 46 6 29 48 17 35 41 22 50 42 2 5 4 16 10 12 28 20 25 34 14 37 44 33 ]
Minima Suma total de distancia	..: 26065.6
[ 3 50 39 45 9 10 16 5 37 17 30 7 19 22 33 43 31 2 36 27 38 20 1 25 35 34 24 15 14 23 49 18 29 8 12 11 4 41 26 47 48 40 32 6 51 52 46 44 21 13 28 42 ]
Minima Suma total de distancia	..: 25080.8
[ 3 50 39 45 9 10 16 5 37 17 30 7 19 22 33 43 31 2 36 27 38 20 1 25 35 34 24 15 14 23 49 18 29 8 12 11 4 41 26 47 48 40 32 6 51 52 46 44 21 13 28 42 ]
Minima Suma total de distancia	..: 25080.8
[ 6 20 22 32 30 42 7 1 38 29 3 24 40 10 19 39 34 5 35 44 46 17 49 9 41 48 33 12 16 27 51 28 37 47 13 52 45 23 8 25 11 31 36 2 14 43 50 4 26 15 18 21 ]
Minima Suma total de distancia	..: 24549.6
[ 6 20 22 32 30 42 7 1 38 29 3 24 40 10 19 39 34 5 35 44 46 17 49 9 41 48 33 12 16 27 51 28 37 47 13 52 45 23 8 25 11 31 36 2 14 43 50 4 26 15 18 21 ]
Minima Suma total de distancia	..: 24549.6
[ 6 20 22 32 30 42 7 1 38 29 3 24 40 10 19 39 34 5 35 44 46 17 49 9 41 48 33 12 16 27 51 28 37 47 13 52 45 23 8 25 11 31 36 2 14 43 50 4 26 15 18 21 ]
Minima Suma total de distancia	..: 24549.6
[ 6 20 22 32 30 42 7 1 38 29 3 24 40 10 19 39 34 5 35 44 46 17 49 9 41 48 33 12 16 27 51 28 37 47 13 52 45 23 8 25 11 31 36 2 14 43 50 4 26 15 18 21 ]
Minima Suma total de distancia	..: 24549.6
[ 21 31 8 26 5 10 27 41 9 38 7 22 23 18 45 14 52 11 13 43 20 29 34 6 47 12 28 25 35 46 36 32 50 15 44 24 39 4 16 17 19 40 51 49 33 1 37 3 42 48 30 2 ]
Minima Suma total de distancia	..: 24170.3
[ 21 31 8 26 5 10 27 41 9 38 7 22 23 18 45 14 52 11 13 43 20 29 34 6 47 12 28 25 35 46 36 32 50 15 44 24 39 4 16 17 19 40 51 49 33 1 37 3 42 48 30 2 ]
Minima Suma total de distancia	..: 24170.3
[ 20 7 6 36 12 11 27 29 5 24 19 25 10 38 51 45 48 49 28 52 33 23 15 42 50 40 44 31 37 13 14 47 26 3 2 1 16 46 9 43 30 34 39 41 8 18 22 4 32 35 21 17 ]
Minima Suma total de distancia	..: 23826.7
