[H[2JNombre BBDD	 ..: berlin52
Número de Ele	 ..: 52
[ 26 33 48 47 17 19 29 14 52 18 20 45 50 16 37 4 28 42 21 44 5 1 24 40 13 34 6 38 23 39 32 15 3 8 36 27 2 7 31 41 43 46 51 12 30 25 49 35 22 11 9 10 ]
Minima Suma total de distancia	..: 25398.3
[ 26 33 48 47 17 19 29 14 52 18 20 45 50 16 37 4 28 42 21 44 5 1 24 40 13 34 6 38 23 39 32 15 3 8 36 27 2 7 31 41 43 46 51 12 30 25 49 35 22 11 9 10 ]
Minima Suma total de distancia	..: 25398.3
[ 40 45 18 9 19 36 23 27 52 43 17 42 25 49 33 5 22 21 44 4 37 11 14 50 15 32 10 16 38 8 31 7 3 20 2 30 35 34 41 51 48 6 46 26 47 39 1 28 13 24 29 12 ]
Minima Suma total de distancia	..: 24764.8
[ 40 45 18 9 19 36 23 27 52 43 17 42 25 49 33 5 22 21 44 4 37 11 14 50 15 32 10 16 38 8 31 7 3 20 2 30 35 34 41 51 48 6 46 26 47 39 1 28 13 24 29 12 ]
Minima Suma total de distancia	..: 24764.8
[ 40 45 18 9 19 36 23 27 52 43 17 42 25 49 33 5 22 21 44 4 37 11 14 50 15 32 10 16 38 8 31 7 3 20 2 30 35 34 41 51 48 6 46 26 47 39 1 28 13 24 29 12 ]
Minima Suma total de distancia	..: 24764.8
[ 40 45 18 9 19 36 23 27 52 43 17 42 25 49 33 5 22 21 44 4 37 11 14 50 15 32 10 16 38 8 31 7 3 20 2 30 35 34 41 51 48 6 46 26 47 39 1 28 13 24 29 12 ]
Minima Suma total de distancia	..: 24764.8
[ 40 45 18 9 19 36 23 27 52 43 17 42 25 49 33 5 22 21 44 4 37 11 14 50 15 32 10 16 38 8 31 7 3 20 2 30 35 34 41 51 48 6 46 26 47 39 1 28 13 24 29 12 ]
Minima Suma total de distancia	..: 24764.8
[ 40 45 18 9 19 36 23 27 52 43 17 42 25 49 33 5 22 21 44 4 37 11 14 50 15 32 10 16 38 8 31 7 3 20 2 30 35 34 41 51 48 6 46 26 47 39 1 28 13 24 29 12 ]
Minima Suma total de distancia	..: 24764.8
[ 40 45 18 9 19 36 23 27 52 43 17 42 25 49 33 5 22 21 44 4 37 11 14 50 15 32 10 16 38 8 31 7 3 20 2 30 35 34 41 51 48 6 46 26 47 39 1 28 13 24 29 12 ]
Minima Suma total de distancia	..: 24764.8
[ 40 45 18 9 19 36 23 27 52 43 17 42 25 49 33 5 22 21 44 4 37 11 14 50 15 32 10 16 38 8 31 7 3 20 2 30 35 34 41 51 48 6 46 26 47 39 1 28 13 24 29 12 ]
Minima Suma total de distancia	..: 24764.8
