[H[2JNombre BBDD	 ..: berlin52
Número de Ele	 ..: 52
[ 47 44 2 50 21 48 22 32 37 9 34 14 15 31 25 27 6 28 23 29 20 10 24 38 33 52 11 51 43 36 1 5 39 26 42 4 46 45 17 8 3 18 16 12 49 41 19 7 40 13 35 30 ]
Minima Suma total de distancia	..: 26077.6
[ 41 16 2 22 30 40 21 36 43 18 3 17 23 12 13 39 33 14 52 51 26 11 25 49 34 24 50 4 27 48 46 35 32 1 8 42 15 45 38 10 9 20 7 31 6 28 37 47 44 5 19 29 ]
Minima Suma total de distancia	..: 24436.5
[ 41 16 2 22 30 40 21 36 43 18 3 17 23 12 13 39 33 14 52 51 26 11 25 49 34 24 50 4 27 48 46 35 32 1 8 42 15 45 38 10 9 20 7 31 6 28 37 47 44 5 19 29 ]
Minima Suma total de distancia	..: 24436.5
[ 41 16 2 22 30 40 21 36 43 18 3 17 23 12 13 39 33 14 52 51 26 11 25 49 34 24 50 4 27 48 46 35 32 1 8 42 15 45 38 10 9 20 7 31 6 28 37 47 44 5 19 29 ]
Minima Suma total de distancia	..: 24436.5
[ 41 16 2 22 30 40 21 36 43 18 3 17 23 12 13 39 33 14 52 51 26 11 25 49 34 24 50 4 27 48 46 35 32 1 8 42 15 45 38 10 9 20 7 31 6 28 37 47 44 5 19 29 ]
Minima Suma total de distancia	..: 24436.5
[ 41 16 2 22 30 40 21 36 43 18 3 17 23 12 13 39 33 14 52 51 26 11 25 49 34 24 50 4 27 48 46 35 32 1 8 42 15 45 38 10 9 20 7 31 6 28 37 47 44 5 19 29 ]
Minima Suma total de distancia	..: 24436.5
[ 47 5 39 48 14 52 27 25 3 4 32 31 22 24 36 43 33 37 46 34 6 8 16 29 26 9 19 17 11 35 28 41 13 44 40 45 10 21 30 51 12 15 50 1 42 7 2 23 49 18 20 38 ]
Minima Suma total de distancia	..: 23367
[ 47 5 39 48 14 52 27 25 3 4 32 31 22 24 36 43 33 37 46 34 6 8 16 29 26 9 19 17 11 35 28 41 13 44 40 45 10 21 30 51 12 15 50 1 42 7 2 23 49 18 20 38 ]
Minima Suma total de distancia	..: 23367
[ 47 5 39 48 14 52 27 25 3 4 32 31 22 24 36 43 33 37 46 34 6 8 16 29 26 9 19 17 11 35 28 41 13 44 40 45 10 21 30 51 12 15 50 1 42 7 2 23 49 18 20 38 ]
Minima Suma total de distancia	..: 23367
[ 47 5 39 48 14 52 27 25 3 4 32 31 22 24 36 43 33 37 46 34 6 8 16 29 26 9 19 17 11 35 28 41 13 44 40 45 10 21 30 51 12 15 50 1 42 7 2 23 49 18 20 38 ]
Minima Suma total de distancia	..: 23367
